8.584413399927878219e-01 1.415586606280938575e-01
8.634449365556159384e-01 1.365550553729217853e-01
4.011356346909671911e-01 5.988643653090327534e-01
3.591547684227727188e-01 6.408452315772271701e-01
6.474495214284344824e-01 3.525504785715655731e-01
1.970231249382795868e-01 8.029768750617204409e-01
3.699021283845798092e-01 6.300978716154201908e-01
1.940446377568377512e-01 8.059553622431622211e-01
9.400447144326827820e-01 5.995528230768814443e-02
7.794219945842467689e-01 2.205780054157532033e-01
6.120531945293042897e-01 3.879468054706958213e-01
7.678838843868799335e-01 2.321161180966468951e-01
6.009018948788380499e-01 3.990981001541082374e-01
5.095038681966878036e-01 4.904961318033122519e-01
8.713046751754061070e-02 9.128695324824595003e-01
6.131463250199455928e-01 3.868536749800544072e-01
1.284045516562707101e-01 8.715954483437293732e-01
5.124503343288416835e-01 4.875496656711583721e-01
8.194402496126486080e-01 1.805597533365395913e-01
4.518057893157559346e-01 5.481942106842438989e-01
8.752799586696441425e-01 1.247200394677106527e-01
5.057123006270655141e-01 4.942876993729345414e-01
3.863080012158571219e-01 6.136919987841428226e-01
4.495696714026407581e-01 5.504303285973591864e-01
8.163997343036463183e-01 1.836002731469343618e-01
1.516141255206131522e-01 8.483858744793867368e-01
3.103977797572513575e-01 6.896022202427486425e-01
8.185779657819569621e-01 1.814220292509893806e-01
3.007601087041791299e-01 6.992398912958209811e-01
4.257505814314870851e-01 5.742494185685128594e-01
7.990543825902522990e-01 2.009456273438552099e-01
5.568503951527424833e-01 4.431496147813649422e-01
8.912444904282775804e-01 1.087555142283351262e-01
5.788578703514691837e-01 4.211421395826382419e-01
7.052088879921024622e-01 2.947911070408437140e-01
3.623571834572611450e-01 6.376428165427389105e-01
1.782738982354237223e-01 8.217261017645762777e-01
7.645868933214471364e-01 2.354131104038431344e-01
8.625387094548147005e-01 1.374612843363682002e-01
6.861557512306563078e-01 3.138442438022899794e-01
8.469180701075829099e-01 1.530819218209547861e-01
5.295744161078851375e-01 4.704255838921149180e-01
4.462804677139302068e-01 5.537195322860697377e-01
9.148828589267808953e-01 8.511714262542342813e-02
7.241540051503893294e-02 9.275845994849610809e-01
6.759857576323655692e-01 3.240142398841076576e-01
4.750472732249599872e-01 5.249527267750400128e-01
9.440696740658180985e-01 5.593033082362545289e-02
1.923484316024975938e-01 8.076515683975024062e-01
8.710740127866797300e-01 1.289259903177288058e-01
7.701914060094594561e-01 2.298085989575942845e-01
7.235102419262573470e-01 2.764897531066888847e-01
2.959400920287634240e-01 7.040599079712365205e-01
2.400768368406509257e-01 7.599231631593491576e-01
2.708633156566227496e-01 7.291366843433771949e-01
4.116912163898575616e-01 5.883087836101424939e-01
5.975527834941463112e-01 4.024472165058536888e-01
4.488481671538609441e-01 5.511518328461390004e-01
6.264702467902337757e-01 3.735297532097662798e-01
1.785413795384702962e-01 8.214586204615296205e-01
7.921535949450837499e-01 2.078464000878625650e-01
7.867905106371217983e-01 2.132094859480287152e-01
8.491258103158818571e-01 1.508741927885266509e-01
1.827593011798006595e-01 8.172406988201993405e-01
5.385274134901507637e-01 4.614725865098492363e-01
4.736552952931485927e-01 5.263446947727439262e-01
7.255479990552465841e-01 2.744520108788610635e-01
8.455740106175010373e-01 1.544259856572088030e-01
3.480882732063377283e-01 6.519117267936622717e-01
8.545979259866490763e-01 1.454020743237918467e-01
6.728280784608968723e-01 3.271719215391031277e-01
6.216677209896992462e-01 3.783322889444081238e-01
4.728325516407606149e-02 9.527167448359240565e-01
7.218950260290043497e-01 2.781049776962858933e-01
5.673502193183805886e-01 4.326497806816193559e-01
4.319940319709347776e-01 5.680059680290652224e-01
6.699723185802547443e-01 3.300276814197453112e-01
7.275278822166292292e-01 2.724721277174783074e-01
4.242217594639348666e-01 5.757782405360650779e-01
2.796738291754196637e-01 7.203261708245803918e-01
5.576216684054626782e-01 4.423783216604298407e-01
8.226945137967694999e-01 1.773054812361768151e-01
3.697970922396554005e-01 6.302029077603445995e-01
3.845082846783098307e-01 6.154917153216902248e-01
6.549712879567007873e-01 3.450287120432992682e-01
1.077412422085650689e-01 8.922587577914349311e-01
5.796923403161877708e-01 4.203076596838122292e-01
7.199624758211241593e-01 2.800375241788757852e-01
4.712156764803596687e-01 5.287843235196403313e-01
3.132187739974915952e-01 6.867812260025084603e-01
8.286148686495874438e-01 1.713851226580684617e-01
2.870985289446743027e-01 7.129014710553257528e-01
4.576836375060009954e-01 5.423163624939990601e-01
2.542441534221537291e-01 7.457558465778463264e-01
3.886164041070132025e-01 6.113835958929868530e-01
7.172068852398952865e-01 2.827931073095240055e-01
8.295206540318108557e-01 1.704793484517160007e-01
7.254487714021990996e-01 2.745512335648547242e-01
4.099768041046356060e-01 5.900231958953644495e-01
1.513308716055431491e-01 8.486691283944568509e-01
7.907654774601735603e-01 2.092345225398264397e-01
5.964933923007190719e-01 4.035066126663346964e-01
8.952024797001331136e-01 1.047975235594959115e-01
6.080782012431300565e-01 3.919217987568699435e-01
1.974417257852865148e-01 8.025582742147134852e-01
8.088388976811343722e-01 1.911611048023925674e-01
2.495082152620985705e-01 7.504917847379014573e-01
4.707672602801134532e-01 5.292327397198866024e-01
1.145873651067431248e-01 8.854126348932568336e-01
7.979964149512750460e-01 2.020035775981443293e-01
3.404282927933389158e-01 6.595717072066610287e-01
2.154403982674885087e-01 7.845596017325114913e-01
4.202702770280950517e-01 5.797297229719049483e-01
6.728552305744965878e-01 3.271447743925570140e-01
2.018923663748789232e-01 7.981076336251211600e-01
8.121456653276620807e-01 1.878543259799938248e-01
3.814666562401895500e-01 6.185333437598105055e-01
5.810534084007780153e-01 4.189465816651145036e-01
6.576814675310631575e-01 3.423185299854099584e-01
1.662097898594308010e-01 8.337902101405690880e-01
8.000063784371554965e-01 1.999936290134251005e-01
4.944775911551781977e-01 5.055224187789292278e-01
9.562966623465536387e-01 4.370333423859695809e-02
5.763320727491153539e-01 4.236679371849921272e-01
6.504425357147103348e-01 3.495574642852896652e-01
1.090320179715525556e-01 8.909679820284474028e-01
6.290030352929699697e-01 3.709969696740837430e-01
3.463756132416431766e-01 6.536243867583567679e-01
6.041682994592645350e-01 3.958317005407352984e-01
2.817135138322373611e-01 7.182864861677625834e-01
8.594144942633873407e-01 1.405855142737362506e-01
4.355310574461339068e-01 5.644689425538661487e-01
6.825610983328695980e-01 3.174389016671304020e-01
6.435689762081320264e-01 3.564310237918679181e-01
5.787791527367655009e-01 4.212208472632345546e-01
8.262527579871941086e-01 1.737472364248703605e-01
7.320668718312600687e-01 2.679331281687399313e-01
7.163173233915820504e-01 2.836826766084180051e-01
7.460123532754820985e-01 2.539876467245179570e-01
6.704001042676255295e-01 3.295999056664818960e-01
2.935666643240484874e-01 7.064333356759515681e-01
1.442711197841201332e-01 8.557288802158797836e-01
4.138934734695327577e-01 5.861065265304671312e-01
7.734594048114796783e-01 2.265406001555741733e-01
9.361969848443529862e-01 6.380301926898837572e-02
3.591373662492103880e-01 6.408626337507895565e-01
2.679053761792449806e-01 7.320946238207550749e-01
4.782848854257553683e-01 5.217151145742445761e-01
7.383693020916742844e-01 2.616306904577451742e-01
7.099685876048287270e-01 2.900314024610637920e-01
4.770339310192721061e-01 5.229660689807279494e-01
2.935475363758863199e-01 7.064524636241135136e-01
8.444326816851303041e-01 1.555673108642891822e-01
4.547101004108795586e-01 5.452898995891203304e-01
7.214993774740078303e-01 2.785006324600995398e-01
6.852215928395842814e-01 3.147784021933620058e-01
5.866676031588999862e-01 4.133323968411000138e-01
1.796835931436211453e-01 8.203164068563788547e-01
3.995771512141188531e-01 6.004228487858811469e-01
3.514359585236535577e-01 6.485640414763463868e-01
4.002599353101432000e-01 5.997400646898568555e-01
1.544417553941215271e-01 8.455582446058785839e-01
6.168021259166546200e-01 3.831978740833454355e-01
4.993849880299428001e-01 5.006150020359497743e-01
7.878048348854642668e-01 2.121951610788045395e-01
7.622441757410117757e-01 2.377558192919345947e-01
7.961789548471190914e-01 2.038210426693540800e-01
2.789218471405943700e-01 7.210781528594057965e-01
8.690932880759641987e-01 1.309067144075627409e-01
2.951697520501578853e-01 7.048302479498421702e-01
7.472296827724753676e-01 2.527703271616321135e-01
8.789332628242846335e-01 1.210667359339519106e-01
3.703478061934347143e-01 6.296521938065652302e-01
4.987271882842820303e-01 5.012728117157180252e-01
2.344259946337856337e-01 7.655740053662144495e-01
7.719881455902369849e-01 2.280118643438705794e-01
2.294516493424682002e-01 7.705483506575317998e-01
4.285240552803792902e-01 5.714759447196207098e-01
3.838709286656052377e-01 6.161290713343947623e-01
8.350645538526291212e-01 1.649354517353063543e-01
2.682102735020136519e-01 7.317897264979862371e-01
8.182571584910108831e-01 1.817428321957633985e-01
7.166157362364432570e-01 2.833842687306105668e-01
2.497021508721273542e-01 7.502978491278726736e-01
3.420229110308650178e-01 6.579770889691350932e-01
4.842581793722257610e-01 5.157418206277742945e-01
6.939858956646212107e-01 3.060140968847981924e-01
4.210082284698786204e-01 5.789917715301213796e-01
7.021718026135855828e-01 2.978282023534681855e-01
7.852777997410450572e-01 2.147222064677720699e-01
3.924917651688310527e-01 6.075082348311690028e-01
2.283584897900214072e-01 7.716415102099786205e-01
1.399314663486144472e-01 8.600685336513854695e-01
3.961423555442737388e-01 6.038576444557263168e-01
8.328628832543104599e-01 1.671371217127433917e-01
5.229670468492234603e-01 4.770329531507764842e-01
8.568944716108553017e-01 1.431055327353167317e-01
2.265001184286405123e-01 7.734998815713595155e-01
3.056481637398592022e-01 6.943518362601408533e-01
3.346541722851729683e-01 6.653458277148270872e-01
1.897577554888837670e-01 8.102422445111162608e-01
8.185157165619117992e-01 1.814842797127978746e-01
1.720755439741284976e-01 8.279244560258715024e-01
2.273175394106901059e-01 7.726824605893098941e-01
7.133193254870828781e-01 2.866806794799708347e-01
3.708666907041718308e-01 6.291333092958281137e-01
4.248950359746079819e-01 5.751049640253920181e-01
7.539622471774425350e-01 2.460377627566650016e-01
7.258581477823939920e-01 2.741418497340792348e-01
8.353960157149059595e-01 1.646039898730294881e-01
1.033445525285593414e-01 8.966554474714406586e-01
3.973679556307638805e-01 6.026320443692361195e-01
7.136666645615464821e-01 2.863333304713998051e-01
9.080937319928364948e-01 9.190627312943773497e-02
2.618248503681370187e-01 7.381751496318630368e-01
4.917775134538316384e-01 5.082224865461683061e-01
3.047247450362265409e-01 6.952752549637734036e-01
5.150149455584127622e-01 4.849850445074798677e-01
8.474531584039005638e-01 1.525468440796263203e-01
9.055239796968783672e-01 9.447602713282056419e-02
8.213066190136369960e-01 1.786933785028361754e-01
4.821000040986717639e-01 5.178999959013282917e-01
8.641525523836234290e-01 1.358474454432905543e-01
8.669976911971416511e-01 1.330023038358046916e-01
5.363014714268538041e-01 4.636985285731462514e-01
1.461881645993048096e-01 8.538118354006951627e-01
3.200715377328946509e-01 6.799284622671053491e-01
3.766501820801329559e-01 6.233498179198669886e-01
7.596915102706301992e-01 2.403084984217138398e-01
5.429371858041809329e-01 4.570628141958190671e-01
6.607826943109845752e-01 3.392173131395959662e-01
8.912717654437951609e-01 1.087282264847426322e-01
8.350068423027149356e-01 1.649931559898603906e-01
5.630965547145494465e-01 4.369034353513430724e-01
3.115822203017815650e-01 6.884177796982183795e-01
5.098395127860522180e-01 4.901604872139477820e-01
5.134743317855671174e-01 4.865256582803254570e-01
9.553603810681242647e-01 4.463962207508954255e-02
8.129668174347726151e-01 1.870331825652273849e-01
5.824778562630316125e-01 4.175221437369683319e-01
6.094111267554170874e-01 3.905888831786903936e-01
6.356871043470609939e-01 3.643128956529389506e-01
2.553442986765182554e-01 7.446557013234818001e-01
3.161531725254387859e-01 6.838468274745611586e-01
4.100278811029738346e-01 5.899721188970261654e-01
8.894108077640169308e-01 1.105891931673056022e-01
3.978028883465125065e-01 6.021971116534875490e-01
6.836635735723332052e-01 3.163364363617743868e-01
7.502011585722733189e-01 2.497988389441997137e-01
3.786216271743476636e-01 6.213783728256523364e-01
5.917270027562467893e-01 4.082729972437531551e-01
5.802108482378391940e-01 4.197891517621608060e-01
5.897282496330239487e-01 4.102717503669759957e-01
6.133130922374931959e-01 3.866869077625068041e-01
6.956214746491736767e-01 3.043785179002457819e-01
1.039841358209778188e-01 8.960158641790222367e-01
2.334556064779363116e-01 7.665443935220638272e-01
6.614068468794426225e-01 3.385931531205574330e-01
2.175588079315523837e-01 7.824411920684476440e-01
7.708855030201636760e-01 2.291144944963094121e-01
7.639753299491779392e-01 2.360246750178757458e-01
8.242345380972673219e-01 1.757654699741949822e-01
9.285558209321145284e-01 7.144417627391774772e-02
6.406581085243944207e-01 3.593418815414981538e-01
5.373741266890439405e-01 4.626258733109560595e-01
8.584003130986938013e-01 1.415996938862254806e-01
7.747827149612204201e-01 2.252172875223064086e-01
7.162794734495615545e-01 2.837205290339652186e-01
8.204969332803090376e-01 1.795030679614543490e-01
4.943152472770200312e-01 5.056847527229799688e-01
9.188049137600247107e-01 8.119508437733019557e-02
7.843514073942742248e-01 2.156485938474891340e-01
6.785499651915980479e-01 3.214500298413482393e-01
3.144523174695206258e-01 6.855476825304793742e-01
6.646183393818195784e-01 3.353816556511266533e-01
5.386851602867573918e-01 4.613148446802963210e-01
4.877072839020145101e-01 5.122927160979854344e-01
4.400636454206348636e-01 5.599363545793650809e-01
3.565765035375652592e-01 6.434234964624346853e-01
7.857156680397811011e-01 2.142843369272725840e-01
5.295651588275012145e-01 4.704348411724987855e-01
6.956862212044567784e-01 3.043137750702528677e-01
7.068315099630281262e-01 2.931684950040254756e-01
5.412203535406048260e-01 4.587796464593951740e-01
8.690323980944180127e-01 1.309676112188076780e-01
7.182421712595786767e-01 2.817578287404213788e-01
6.615426470357971267e-01 3.384573504806760447e-01
9.009580369508670694e-01 9.904195660748500718e-02
3.232922511415629585e-01 6.767077488584369860e-01
5.465033329723371081e-01 4.534966670276629475e-01
8.918373555544912845e-01 1.081626360636055995e-01
7.115265425253483045e-01 2.884734674087591211e-01
1.836621109398130225e-01 8.163378890601870053e-01
3.376455624377459608e-01 6.623544375622540947e-01
9.167786792353352920e-01 8.322131533194972175e-02
2.692822935381494198e-01 7.307177064618506357e-01
8.843500349733476318e-01 1.156499600595986693e-01
5.287573175032723727e-01 4.712426824967275718e-01
3.709382950788848166e-01 6.290617049211152390e-01
6.145820954670732084e-01 3.854179045329267361e-01
7.680921083294262042e-01 2.319078891870468839e-01
8.376418439847693742e-01 1.623581510481769408e-01
8.214504932270155768e-01 1.785495129818016335e-01
8.223526259273503669e-01 1.776473712786818260e-01
1.425901368450541717e-01 8.574098631549458283e-01
2.747648384795055576e-01 7.252351615204944979e-01
8.686444586095647402e-01 1.313555385964675637e-01
5.313678434969956177e-01 4.686321565030043268e-01
4.603862474495842849e-01 5.396137525504157706e-01
7.127835932567280208e-01 2.872164104685623331e-01
7.012490397986433921e-01 2.987509502672491268e-01
6.192165104329824254e-01 3.807834895670176301e-01
7.833701521979788973e-01 2.166298478020211304e-01
5.930669911357663304e-01 4.069330187983411506e-01
8.415691358157547652e-01 1.584308617007184061e-01
3.991884958832929708e-01 6.008115041167070292e-01
2.204110629140182132e-01 7.795889370859817591e-01
3.986890874347601144e-01 6.013109125652398301e-01
2.604742181494656972e-01 7.395257818505344138e-01
4.785370660554166822e-01 5.214629339445833178e-01
6.835224553872912834e-01 3.164775446127087721e-01
5.873191564783624141e-01 4.126808335875301048e-01
2.719617529292225888e-01 7.280382470707774667e-01
6.419781188472734046e-01 3.580218910868340765e-01
6.149665694630562784e-01 3.850334404710511471e-01
7.867563239619560500e-01 2.132436822468610493e-01
7.669563095196232361e-01 2.330436867550864377e-01
6.043124600404737867e-01 3.956875399595262688e-01
7.846841927335357347e-01 2.153158147170449455e-01
8.680543700817425767e-01 1.319456333331067988e-01
8.605238546106205311e-01 1.394761447684977895e-01
7.730985660469466003e-01 2.269014414036340799e-01
7.539069701404500501e-01 2.460930348266036349e-01
5.507092094696234286e-01 4.492907905303765159e-01
4.175707865097401661e-01 5.824292134902598894e-01
8.124462789354597314e-02 9.187553721064540824e-01
8.070694762785897147e-01 1.929305324137542410e-01
4.668890456475263129e-01 5.331109543524736871e-01
4.679464470593119874e-01 5.320535529406880126e-01
6.915078130220274621e-01 3.084921919450263061e-01
7.589327837335715365e-01 2.410672112993746674e-01
8.140770820778224781e-01 1.859229159043119528e-01
2.297763300883594317e-01 7.702236699116404850e-01
2.145056095250883477e-01 7.854943904749115413e-01
2.229801600194870614e-01 7.770198399805129386e-01
2.460107153544186520e-01 7.539892846455814590e-01
6.167369875053920758e-01 3.832630075275542114e-01
7.887826113666361882e-01 2.112173836663101822e-01
3.296866747485150961e-01 6.703133252514849039e-01
2.313353497531437097e-01 7.686646502468562625e-01
5.007178483808057967e-01 4.992821516191942588e-01
4.962145301324137336e-01 5.037854599334786743e-01
4.711019634073572715e-01 5.288980365926426730e-01
4.888017019178144129e-01 5.111982980821855316e-01
1.778433470085002688e-01 8.221566529914996480e-01
7.448851715860801415e-01 2.551148296556832173e-01
2.254353413582092236e-01 7.745646586417906931e-01
7.300826773979514073e-01 2.699173288108658308e-01
2.085854177707000268e-01 7.914145822292999455e-01
9.407987745654693146e-02 9.059201225434531102e-01
2.937880544117608683e-01 7.062119455882390762e-01
8.936630499652215009e-01 1.063369579510203139e-01
7.080442674068142539e-01 2.919557325931856351e-01
7.570935856509586337e-01 2.429064177638907973e-01
3.023607893731414253e-01 6.976392106268584081e-01
8.807661613246238197e-01 1.192338436424299486e-01
4.701508621532505816e-01 5.298491279126419373e-01
2.297000534341605560e-01 7.702999465658394440e-01
1.617343105024133532e-01 8.382656894975867301e-01
9.223621485954668353e-01 7.763784674792036100e-02
2.269701508759754682e-01 7.730298491240246150e-01
5.753609780447456190e-01 4.246390120211468999e-01
5.064461130563863156e-01 4.935538869436136289e-01
5.667475258351741818e-01 4.332524840989332993e-01
6.128762765016487757e-01 3.871237334324587054e-01
6.353454013971610026e-01 3.646546060534195388e-01
1.847406894623212781e-01 8.152593105376787497e-01
1.660931809797054626e-01 8.339068190202945097e-01
6.515519485509791986e-01 3.484480415149133758e-01
5.776689727992652124e-01 4.223310371348422687e-01
7.803801423964048523e-01 2.196198489112510810e-01
4.724596130639147629e-01 5.275403869360851816e-01
5.632693453132228134e-01 4.367306546867772421e-01
8.345080475385087126e-01 1.654919623955987407e-01
7.975119710707504472e-01 2.024880363798302330e-01
4.315294578674282455e-01 5.684705421325717545e-01
7.806187741887461451e-01 2.193812307783075399e-01
4.929551426381729162e-01 5.070448573618270283e-01
6.005482950078258053e-01 3.994517049921741947e-01
8.984491011840308738e-01 1.015508912101680677e-01
3.450495929273884599e-01 6.549504070726115401e-01
9.634595958058070897e-01 3.654040559117679304e-02
2.892457087424287754e-01 7.107542912575711691e-01
3.649835131946243538e-01 6.350164868053757017e-01
1.970251597994539805e-01 8.029748402005459917e-01
8.112036637291234475e-01 1.887963325455862262e-01
6.717889709319417868e-01 3.282110265845313291e-01
5.876911948863022817e-01 4.123087951795902373e-01
4.398659600231484834e-01 5.601340399768515166e-01
8.991857107000229554e-01 1.008142861955685227e-01
8.295666923708114870e-01 1.704333150797691376e-01
4.332645974165313940e-01 5.667354025834686615e-01
3.387840730973614711e-01 6.612159269026385289e-01
8.935868991021584939e-01 1.064130934472608536e-01
3.524165318336094921e-01 6.475834681663904524e-01
7.821974596689337256e-01 2.178025378475394180e-01
4.008922402676072250e-01 5.991077597323927195e-01
7.085893544317078963e-01 2.914106368759481480e-01
7.716767290258189638e-01 2.283232610400736939e-01
1.781888396002583308e-01 8.218111603997416692e-01
4.330870788338902488e-01 5.669129311002172322e-01
2.455490926112313677e-01 7.544509073887687434e-01
6.236260317589019664e-01 3.763739781752055147e-01
8.428836470703822137e-01 1.571163603801984110e-01
2.274052172871536825e-01 7.725947827128463175e-01
8.848998185454588494e-01 1.151001837828476981e-01
3.807449783930852427e-01 6.192550216069147018e-01
4.568733806531327102e-01 5.431266193468672343e-01
2.274195468099677042e-01 7.725804531900322125e-01
6.356388948384935622e-01 3.643611101285602061e-01
6.342812828726495100e-01 3.657187220944042583e-01
8.402386417341661806e-01 1.597613666477368799e-01
6.989178422328848894e-01 3.010821515582979835e-01
3.523957394455566328e-01 6.476042605544433117e-01
8.490739303491455781e-01 1.509260609585102719e-01
6.792471164497048131e-01 3.207528736161875949e-01
8.049858413760085929e-01 1.950141586239915459e-01
8.425582380636291724e-01 1.574417712495966570e-01
7.841694780378798413e-01 2.158305269291739548e-01
8.719841759146440552e-01 1.280158259480010940e-01
8.643443728632235201e-01 1.356556370708838222e-01
7.592293516427616185e-01 2.407706582913458071e-01
2.448248084959537552e-01 7.551751915040462171e-01
2.627481938161863040e-01 7.372518061838136960e-01
8.768088932226958399e-01 1.231911030520137923e-01
8.594212424118742311e-01 1.405787633312815255e-01
5.224243066619713716e-01 4.775756933380286284e-01
4.148725226536278399e-01 5.851274773463721601e-01
3.065882514763455524e-01 6.934117485236545031e-01
8.084307980211268285e-01 1.915692029101957738e-01
7.720891830341641837e-01 2.279108119987820202e-01
3.572623969587063186e-01 6.427376030412936814e-01
6.008366784751246747e-01 3.991633215248753253e-01
7.587176838454171568e-01 2.412823136710559313e-01
5.214647826617654358e-01 4.785352173382346197e-01
3.521598182228092289e-01 6.478401817771907156e-01
5.242644685130651849e-01 4.757355414210422961e-01
4.153075985155973981e-01 5.846924014844026019e-01
7.386060036349665348e-01 2.613939913979796414e-01
7.698097018645722045e-01 2.301902906848471153e-01
6.486739416356893662e-01 3.513260583643106894e-01
6.015485421691739720e-01 3.984514677649335090e-01
6.574161249580794397e-01 3.425838750419205603e-01
8.563495255898980751e-01 1.436504806189191352e-01
3.351132910219863370e-01 6.648867089780136075e-01
6.940929080560609421e-01 3.059070969109927707e-01
1.873474110700419637e-01 8.126525889299580641e-01
6.320326284914031811e-01 3.679673615744893933e-01
7.457159142071659863e-01 2.542840783422535278e-01
1.250516812373578812e-01 8.749483187626422298e-01
8.730285332469415183e-01 1.269714652008541722e-01
5.459944348117914403e-01 4.540055651882085042e-01
3.360737886347016645e-01 6.639262113652982800e-01
1.988101306773296939e-01 8.011898693226703339e-01
5.761681497709468802e-01 4.238318402949456387e-01
2.433230022771422085e-01 7.566769977228577915e-01
6.851684019320215535e-01 3.148315881338709654e-01
4.510843428929854348e-01 5.489156571070145096e-01
8.013281119450476053e-01 1.986718830878987097e-01
7.424163390487651393e-01 2.575836535006540973e-01
5.357544012939143840e-01 4.642455887719781349e-01
5.865713008766640923e-01 4.134286991233360187e-01
4.910996664504030940e-01 5.089003335495968505e-01
2.151273963527062794e-01 7.848726036472936096e-01
4.307946205878012691e-01 5.692053794121987309e-01
1.094514352307206090e-01 8.905485647692793494e-01
5.544291105474403736e-01 4.455708894525595709e-01
5.484939401702327855e-01 4.515060697638746956e-01
3.970167978996779756e-01 6.029832021003219689e-01
7.834286474122862387e-01 2.165713451371331644e-01
2.888578327864549933e-01 7.111421672135449512e-01
6.073000353346466040e-01 3.926999646653533405e-01
4.037111988033605381e-01 5.962888011966395174e-01
7.594617922502863161e-01 2.405382127167673412e-01
6.598148240758345828e-01 3.401851709571117044e-01
8.276517180189580936e-01 1.723482888107408240e-01
7.615248180707290260e-01 2.384751719951635762e-01
7.978138114207528053e-01 2.021861985133547035e-01
6.525174888070454093e-01 3.474825012588471651e-01
7.275844470750906234e-01 2.724155504413823814e-01
6.918540019161629750e-01 3.081460080179445060e-01
5.498492658170619496e-01 4.501507341829380504e-01
2.581852287657610545e-01 7.418147712342390010e-01
8.801177017123412716e-01 1.198823074844692638e-01
1.466126436870024141e-01 8.533873563129975581e-01
8.425387803760617800e-01 1.574612273849596289e-01
7.173450827671850050e-01 2.826549221998687078e-01
9.259365404701217495e-01 7.406345863736062130e-02
6.026936397419059288e-01 3.973063503239865901e-01
5.986423786496594124e-01 4.013576188668137590e-01
7.553984745648530952e-01 2.446015204680931088e-01
5.150745033591507260e-01 4.849254966408493295e-01
5.464250749474711677e-01 4.535749349866363134e-01
4.392001801463915611e-01 5.607998198536084944e-01
5.471720566569978489e-02 9.452827943343001804e-01
7.700302108037507809e-01 2.299697848500771580e-01
6.782831044693371503e-01 3.217168905636090814e-01
7.080601390718975763e-01 2.919398584445755396e-01
7.152253431120320082e-01 2.847746643385484777e-01
5.684025321503974881e-01 4.315974678496024564e-01
2.658760077112956588e-01 7.341239922887043967e-01
3.139385835336918062e-01 6.860614164663081382e-01
8.796365331247147923e-01 1.203634764989518352e-01
5.691345444977854440e-01 4.308654555022146115e-01
3.952603829041410055e-01 6.047396170958588835e-01
4.849615996907286619e-01 5.150384003092712826e-01
6.998544097919844331e-01 3.001455877244887938e-01
8.768597291582835851e-01 1.231402722387003185e-01
4.317911343365564147e-01 5.682088656634435297e-01
4.735204391382976108e-01 5.264795707958098703e-01
8.087917355039678791e-01 1.912082607707417115e-01
3.747521554844976954e-01 6.252478445155023046e-01
4.479071254321034812e-01 5.520928745678964633e-01
3.530162936648226224e-01 6.469837063351774331e-01
7.786797602553843234e-01 2.213202347775619916e-01
2.747940014320770508e-01 7.252059985679230047e-01
3.303078151354889580e-01 6.696921848645110975e-01
5.927958413513232383e-01 4.072041487145692806e-01
1.001213296791187424e-01 8.998786703208813131e-01
7.066343697985697503e-01 2.933656215090862940e-01
7.986217143323913747e-01 2.013782819423182158e-01
1.807993591457853488e-01 8.192006408542146234e-01
4.719805220569407989e-01 5.280194878771666822e-01
3.050658911822073938e-01 6.949341088177926062e-01
3.214478420738186570e-01 6.785521579261812875e-01
6.189028129046350024e-01 3.810971870953649976e-01
6.868889377583961009e-01 3.131110672086575009e-01
6.012511282725279127e-01 3.987488717274720873e-01
1.812460934487799824e-01 8.187539065512199343e-01
7.294222757798518586e-01 2.705777329124921526e-01
7.492252566802525271e-01 2.507747507703281808e-01
5.867535931447011022e-01 4.132464068552989533e-01
8.254763737493567843e-01 1.745236188000626465e-01
5.639651890439915105e-01 4.360348109560084340e-01
6.648512730602934573e-01 3.351487368738139683e-01
2.670433320133463462e-01 7.329566679866537093e-01
2.954557041539528917e-01 7.045442958460471639e-01
4.091044355726198845e-01 5.908955644273801155e-01
2.351245282414305693e-01 7.648754717585694030e-01
7.889915235710881491e-01 2.110084843451536241e-01
8.043196964467153043e-01 1.956803110038653204e-01
8.190977011030824428e-01 1.809023075892615406e-01
9.299860049524992789e-01 7.001398697603831989e-02
2.509028071271603433e-01 7.490971928728397122e-01
8.099116984762663174e-01 1.900883015237335993e-01
7.197539627388013228e-01 2.802460471953061583e-01
7.036089008830010982e-01 2.963910966334721286e-01
1.484983720160290011e-01 8.515016279839709989e-01
5.216297913722039992e-01 4.783702086277960563e-01
1.062556147594953537e-01 8.937443852405047018e-01
7.679777641644353059e-01 2.320222432861454021e-01
7.901090948923098489e-01 2.098909038659266812e-01
5.990176814216792156e-01 4.009823086442134144e-01
2.726369886734054115e-01 7.273630113265946440e-01
3.099193888953973297e-01 6.900806111046026148e-01
7.998279992958590157e-01 2.001719957370871883e-01
3.738196643341755165e-01 6.261803356658245390e-01
1.848345091990601097e-01 8.151654908009398071e-01
8.600046875932892965e-02 9.139995312406711259e-01
6.435837332349437778e-01 3.564162667650562777e-01
3.531895423362900188e-01 6.468104576637100367e-01
4.253426393407377937e-01 5.746573606592622063e-01
6.108598469204686854e-01 3.891401530795313146e-01
6.936849438435693793e-01 3.063150561564305097e-01
2.232633924602120123e-01 7.767366075397879044e-01
6.029983840819040930e-01 3.970016059839884814e-01
5.412329566778885104e-01 4.587670433221115451e-01
6.325592099577972416e-01 3.674407801080952218e-01
7.348495153356742193e-01 2.651504846643258362e-01
2.182771530749620104e-01 7.817228469250379064e-01
4.647886904232239602e-01 5.352113095767760953e-01
2.922288332936363031e-01 7.077711667063636414e-01
8.053961254371216905e-01 1.946038770464051104e-01
3.659864307820939189e-01 6.340135692179060811e-01
7.589796258111544125e-01 2.410203791558993835e-01
6.053331071768242033e-01 3.946669027572831667e-01
6.641402332827469612e-01 3.358597617501992705e-01
6.258410131711699131e-01 3.741589967629375124e-01
6.115923729570580392e-01 3.884076369770494419e-01
7.944741369588766977e-01 2.055258667664137395e-01
8.643459895078423605e-01 1.356540092503941697e-01
2.924106781298566049e-01 7.075893218701433396e-01
5.561546602463757205e-01 4.438453298195168539e-01
8.337346016384291625e-01 1.662654027077428431e-01
6.205453129311249150e-01 3.794546970029825661e-01
3.749568514581008150e-01 6.250431485418991295e-01
6.051118286928263146e-01 3.948881713071736854e-01
6.357931651312382915e-01 3.642068249346542275e-01
7.397710340714812594e-01 2.602289684120455693e-01
8.037439326887297897e-01 1.962560586189261436e-01
9.010400200299987228e-01 9.895998357887618446e-02
7.836208917295103271e-01 2.163791138584250373e-01
2.337094362714677021e-01 7.662905637285323257e-01
4.070533676204617923e-01 5.929466323795381522e-01
6.296298939578204301e-01 3.703701159762869399e-01
3.653192832500800624e-01 6.346807167499198821e-01
6.366392249873233933e-01 3.633607750126766067e-01
7.573159419693205052e-01 2.426840580306794115e-01
3.682861037111753166e-01 6.317138962888246834e-01
4.283683910823183894e-01 5.716316089176816106e-01
3.108736314999204775e-01 6.891263685000795780e-01
7.391365015746113043e-01 2.608634984253888067e-01
5.942129926085556457e-01 4.057870073914442988e-01
8.391017760317359686e-01 1.608982202429737607e-01
4.808503994542777105e-01 5.191495906116148085e-01
5.933631614487832051e-01 4.066368286171093693e-01
2.748590747855630401e-01 7.251409252144368489e-01
8.358906792489776416e-01 1.641093150078663798e-01
8.306532789990774823e-01 1.693467197591590756e-01
5.510112324935655392e-01 4.489887575723269797e-01
7.769525230525692328e-01 2.230474819144844523e-01
7.255562890666530373e-01 2.744437009992394816e-01
4.850559235666424551e-01 5.149440764333576004e-01
4.525485703120525893e-01 5.474514296879474662e-01
4.571915090646540558e-01 5.428084909353459997e-01
6.673092354131054948e-01 3.326907745210019307e-01
2.326959840437162474e-01 7.673040159562837248e-01
7.807081011056195008e-01 2.192919026196708254e-01
5.555271002447402795e-01 4.444728898211522949e-01
8.822902128129380683e-01 1.177097898258092218e-01
5.447779661750618008e-01 4.552220338249381992e-01
5.995875024972194822e-01 4.004125074368879988e-01
5.062935351929481742e-01 4.937064648070517703e-01
9.124371867783483969e-01 8.756281460893423907e-02
5.076610404303292245e-01 4.923389595696707755e-01
1.779483726966018253e-01 8.220516273033982024e-01
6.356497097516013994e-01 3.643502902483986006e-01
5.130346145867558105e-01 4.869653754791367639e-01
5.463618640660404813e-01 4.536381259998520377e-01
3.540931873109610106e-01 6.459068126890389339e-01
7.918585595907886576e-01 2.081414366839210162e-01
3.034265558506996086e-01 6.965734441493003359e-01
2.333379895032986207e-01 7.666620104967014626e-01
8.774568236629430862e-01 1.225431844085193012e-01
7.087300566087589848e-01 2.912699433912409597e-01
3.517235499047149383e-01 6.482764500952850062e-01
6.625750554231628620e-01 3.374249346427296570e-01
7.642182677306256222e-01 2.357817285440840793e-01
7.957636888811311371e-01 2.042363185694494876e-01
8.157708875462735820e-01 1.842291028300597766e-01
9.378201922378197608e-01 6.217980527865327872e-02
3.102581869434111739e-01 6.897418130565888816e-01
6.973846552986229241e-01 3.026153546354845569e-01
7.831803127985876856e-01 2.168196828552403088e-01
6.693587436226244858e-02 9.330641256377374404e-01
8.541765533188128146e-01 1.458234510273592466e-01
2.449622031911045938e-01 7.550377968088953784e-01
1.518429527077606034e-01 8.481570472922393966e-01
5.080798180971209943e-01 4.919201819028790612e-01
2.975985091711299546e-01 7.024014908288700454e-01
2.873483994185137003e-01 7.126516005814863552e-01
6.901225301334399376e-01 3.098774698665600069e-01
8.282096620264821629e-01 1.717903435614532848e-01
7.601485470365026975e-01 2.398514529634974135e-01
5.527285741136623853e-01 4.472714258863375592e-01
8.541334985439301697e-01 1.458665002143063882e-01
2.843396614894764252e-01 7.156603385105236859e-01
4.306072084666710542e-01 5.693927915333288903e-01
7.688180693985408043e-01 2.311819256344054274e-01
5.441622737547671118e-01 4.558377262452328882e-01
7.849610257224740595e-01 2.150389817281065097e-01
6.647235445052300795e-01 3.352764505277161522e-01
2.099409068064686246e-01 7.900590931935314032e-01
7.893149954762952447e-01 2.106850082489950537e-01
3.611751045445087960e-01 6.388248954554912595e-01
4.778949253960544374e-01 5.221050746039456181e-01
7.296307329332161196e-01 2.703692645832569963e-01
6.323779736690552378e-01 3.676220362650522433e-01
6.302988339571751197e-01 3.697011660428248803e-01
8.027155605971930674e-01 1.972844493369143859e-01
7.293846799407889270e-01 2.706153250262647858e-01
5.550394178488674557e-01 4.449605821511325998e-01
2.037330505272746672e-01 7.962669494727253605e-01
5.329299624572126914e-01 4.670700375427873641e-01
7.138470924371667081e-01 2.861529125298870047e-01
4.061785985466765947e-01 5.938214014533234053e-01
3.389160190575539189e-01 6.610839809424460256e-01
3.483420511583434909e-01 6.516579488416565091e-01
3.099720712332086903e-01 6.900279287667913097e-01
5.365025096967243057e-01 4.634974903032757498e-01
6.939237101477174763e-01 3.060762848852286999e-01
6.602710244178059407e-01 3.397289755821940038e-01
7.253307728514091224e-01 2.746692172144833965e-01
2.319756734410353405e-01 7.680243265589646873e-01
5.159575422761629726e-01 4.840424577238370829e-01
7.328340296401242293e-01 2.671659703598756042e-01
8.311152175624375582e-01 1.688847762287451759e-01
5.366221433782718542e-01 4.633778566217281458e-01
8.626454975801317593e-01 1.373545024198682962e-01
3.308495812300663030e-01 6.691504187699336414e-01
7.950687286716681124e-01 2.049312762953855727e-01
7.503199968079784510e-01 2.496800031920216600e-01
1.763100862698397109e-01 8.236899137301602059e-01
7.163465929005266020e-01 2.836534170335809901e-01
4.444468574272048556e-01 5.555531425727952000e-01
8.529648012984276662e-01 1.470352036686261021e-01
2.600498494516524373e-01 7.399501505483475627e-01
6.985386736802427776e-02 9.301461326319756528e-01
5.780768111189775738e-01 4.219231888810224818e-01
9.026930238952095564e-01 9.730697889875811191e-02
7.947263410658650384e-01 2.052736614176618735e-01
7.556432562953062648e-01 2.443567374958766913e-01
8.480337322883239048e-01 1.519662615028589681e-01
7.667332178883697891e-01 2.332667796281033823e-01
6.539393105808976037e-01 3.460606993532098774e-01
7.104371588603948240e-01 2.895628411396052315e-01
1.363745797575254270e-01 8.636254202424745730e-01
3.490985708621372474e-01 6.509014291378627526e-01
3.032798992868100951e-01 6.967201007131897939e-01
2.815745245649470818e-01 7.184254754350529737e-01
4.025217712169212869e-01 5.974782287830787686e-01
2.781943449114675504e-01 7.218056550885324496e-01
8.054217093776679937e-01 1.945782980729127420e-01
2.780052051542686864e-01 7.219947948457313691e-01
5.282063979699010980e-01 4.717935920959914764e-01
7.770142242640588615e-01 2.229857769777044696e-01
4.306779635754406921e-01 5.693220364245593634e-01
7.794337864798723814e-01 2.205662160036544750e-01
6.667925134365142448e-01 3.332074915305395790e-01
3.924048191945437303e-01 6.075951808054561587e-01
4.836866356900581532e-01 5.163133643099419023e-01
4.686109273892817839e-01 5.313890726107182161e-01
2.899937099537833185e-01 7.100062900462166260e-01
1.617032270042109976e-01 8.382967729957889746e-01
7.824226885887700655e-01 2.175773045815310447e-01
5.920377297605906586e-01 4.079622702394093969e-01
6.345603619057457179e-01 3.654396380942543376e-01
9.081751535078845805e-01 9.182485339942451918e-02
3.389689218556536932e-01 6.610310781443463624e-01
9.173489072663641997e-01 8.265108699048005769e-02
9.870038109321663811e-01 1.299619036780461263e-02
5.718263663583998957e-01 4.281736336416000488e-01
9.095896815008046588e-01 9.041031229037815864e-02
2.988924807049627153e-01 7.011075192950372292e-01
8.491811894353710199e-01 1.508188155316827483e-01
4.478321365685353772e-01 5.521678634314646228e-01
2.940599762022717001e-01 7.059400237977283554e-01
1.393974207468195725e-01 8.606025792531805108e-01
2.408052825802438068e-01 7.591947174197563042e-01
8.111800950052857617e-01 1.888199000276604977e-01
7.456868372785846466e-01 2.543131627214154089e-01
4.634838912899708063e-01 5.365161087100291937e-01
4.159359168493748649e-01 5.840640930847325052e-01
6.735962615839596879e-01 3.264037334489864883e-01
7.659073845275529147e-01 2.340926105053933448e-01
7.680526419778642699e-01 2.319473542968454316e-01
8.550844836412697658e-01 1.449155111200408352e-01
3.594672237765646483e-01 6.405327762234352962e-01
3.979428265373668450e-01 6.020571734626330995e-01
5.994575411684012201e-01 4.005424588315987244e-01
2.951697628578468513e-01 7.048302371421532042e-01
1.756874747364939593e-01 8.243125252635060685e-01
2.147267760892436483e-01 7.852732239107562684e-01
7.362436479688340141e-01 2.637563619652734115e-01
5.551751879826060110e-01 4.448248020832865635e-01
5.125918801185717077e-01 4.874081198814282367e-01
2.627750964362402519e-01 7.372249035637596926e-01
7.407161297638298336e-01 2.592838789285141776e-01
7.360238444511271183e-01 2.639761552384320420e-01
1.190998207789504687e-01 8.809001792210495729e-01
8.782708394284552966e-01 1.217291509478781036e-01
3.444884425661867144e-01 6.555115574338131745e-01
6.437945340271530315e-01 3.562054560387395430e-01
6.784391173069026504e-02 9.321560882693097350e-01
7.529306371550751331e-01 2.470693529108173025e-01
4.113542012636717260e-01 5.886457987363282740e-01
5.568403442565692529e-01 4.431596656775382281e-01
5.592020919367429732e-01 4.407979080632570823e-01
3.723117041208703903e-01 6.276882958791296652e-01
3.627732648215329370e-01 6.372267351784670630e-01
8.130500920604731840e-01 1.869499116648170312e-01
7.912783988145589698e-01 2.087215987019140628e-01
7.406441207150598061e-01 2.593558743178864812e-01
8.843288111961693509e-01 1.156711908216962320e-01
6.430467247203993653e-01 3.569532653454930426e-01
6.024193775058475087e-01 3.975806224941524913e-01
5.299646462876278497e-01 4.700353537123722059e-01
6.706049782996824637e-01 3.293950217003175918e-01
5.315052493579238702e-01 4.684947407079686488e-01
8.119542522846430188e-01 1.880457501988838931e-01
1.331784655513317539e-01 8.668215344486682739e-01
2.422587457858591531e-01 7.577412542141409579e-01
8.756721960658941928e-02 9.124327803934105807e-01
4.168882004200278324e-01 5.831117995799720566e-01
5.979037683867635122e-01 4.020962316132363767e-01
7.528762580958426875e-01 2.471237319700498036e-01
7.208193971292974345e-01 2.791805991454123226e-01
3.023961200018910889e-01 6.976038799981089111e-01
5.560846743553818916e-01 4.439153355787255895e-01
7.030932825860191082e-01 2.969067136886906488e-01
1.746271137851703459e-01 8.253728862148296264e-01
3.118327568750782208e-01 6.881672431249218347e-01
1.394782121635534944e-01 8.605217878364465056e-01
3.047372450389240761e-01 6.952627549610759239e-01
8.389844347757954290e-01 1.610155726747851679e-01
7.773430452031693250e-01 2.226569566594758520e-01
6.100970072274797262e-01 3.899030027066276993e-01
3.482865275181667997e-01 6.517134724818332003e-01
8.004486563361096207e-01 1.995513449056537381e-01
8.146691461473872797e-01 1.853308526108491672e-01
7.365251983123300983e-01 2.634747967206161334e-01
4.833359073938139905e-01 5.166640926061859540e-01
7.410084281113853422e-01 2.589915743721414310e-01
1.361714026849240311e-01 8.638285973150759967e-01
7.356522789416075625e-01 2.643477160913387247e-01
3.714648728352356599e-01 6.285351271647643401e-01
2.687610778342646167e-01 7.312389221657352723e-01
8.042191214393481502e-01 1.957808760771249934e-01
3.692543132715378484e-01 6.307456867284620960e-01
5.161223533030955268e-01 4.838776466969044177e-01
4.594090919015361152e-01 5.405909080984638848e-01
4.267627747192085930e-01 5.732372252807914625e-01
7.560922297070015174e-01 2.439077653259447975e-01
7.574150983473240117e-01 2.425849078614930321e-01
5.797025157474862134e-01 4.202974842525137866e-01
9.804228137981182423e-01 1.957718358253692295e-02
3.097493653498371025e-01 6.902506346501628975e-01
3.946955679088969826e-01 6.053044320911030729e-01
7.221201324765789131e-01 2.778798724904747997e-01
3.661776966553603185e-01 6.338223033446396260e-01
3.773782471072195666e-01 6.226217528927804334e-01
9.846022207356774913e-01 1.539777665467896572e-02
5.942780288380935527e-01 4.057219711619064473e-01
3.977051695139768306e-01 6.022948304860231694e-01
6.875357589223177746e-01 3.124642336271017395e-01
4.988663467348433689e-01 5.011336433310491500e-01
2.300366970388472432e-01 7.699633029611527846e-01
7.266493230218907806e-01 2.733506844286897608e-01
5.881298127722116575e-01 4.118701921948419997e-01
5.672652225262672099e-01 4.327347874078402157e-01
1.951695070770390339e-01 8.048304929229610494e-01
8.118396898304353071e-01 1.881603145157366708e-01
7.938203086054264057e-01 2.061796851857563839e-01
4.073705446740197300e-01 5.926294553259801035e-01
8.672474743950363552e-01 1.327525175335013408e-01
7.669567468718175851e-01 2.330432531281824149e-01
2.701403174300998078e-01 7.298596825699000812e-01
1.422488013141003371e-01 8.577511986858996629e-01
5.774791432669520441e-01 4.225208567330479004e-01
8.416191684548285368e-01 1.583808247154725179e-01
2.963361816531113191e-01 7.036638183468886254e-01
4.724165474264858111e-01 5.275834625076216700e-01
6.598995117738247762e-01 3.401004782920677982e-01
2.429612524852489130e-01 7.570387475147510870e-01
8.348589151252618912e-01 1.651410904626735565e-01
2.586373380220921003e-01 7.413626619779080107e-01
6.748962187240822308e-01 3.251037725835738135e-01
7.255679416146935956e-02 9.274432058385305711e-01
7.373473897711861902e-01 2.626526102288137543e-01
3.622626040369167355e-01 6.377373959630832090e-01
8.664947832514592330e-01 1.335052219872303048e-01
4.492840447172629648e-01 5.507159552827370907e-01
9.440791041956937413e-01 5.592089130291383325e-02
4.342520112619134287e-01 5.657479887380866268e-01
6.066681157753467390e-01 3.933318842246532054e-01
2.278641767609903279e-01 7.721358232390095333e-01
3.777023902674240818e-01 6.222976097325759737e-01
7.164054351721587111e-01 2.835945648278412334e-01
6.789446180638090134e-01 3.210553869032446994e-01
8.082234712306645141e-01 1.917765262858087405e-01
2.706767855255598487e-01 7.293232144744402623e-01
3.571228857968655745e-01 6.428771142031343144e-01
7.881639504527250262e-01 2.118360470637480342e-01
4.859083468997869026e-01 5.140916531002130974e-01
4.549206874109305576e-01 5.450793125890694979e-01
7.875462315708338101e-01 2.124537659456392502e-01
7.050967942900916441e-01 2.949032007428546431e-01
5.817899817094532855e-01 4.182100182905466590e-01
6.695755498706935649e-01 3.304244451622526668e-01
6.002425760479422889e-01 3.997574140179502855e-01
2.376678625018301683e-01 7.623321374981698595e-01
3.983968841979670938e-01 6.016031158020328506e-01
6.029368404799372305e-01 3.970631595200628805e-01
7.361384865166660241e-01 2.638615184503876887e-01
2.749293919707043732e-01 7.250706080292955713e-01
7.398759220907660250e-01 2.601240679751264939e-01
8.784894917598785602e-01 1.215105122758526890e-01
4.606638161981102542e-01 5.393361838018897458e-01
7.544176906396767857e-01 2.455823019097425897e-01
4.835463730385682335e-01 5.164536269614318220e-01
5.911126543506473041e-01 4.088873419240623974e-01
5.120840036305417398e-01 4.879159864353508347e-01
5.638302912755738250e-01 4.361697087244261195e-01
2.600044272377431964e-01 7.399955727622568036e-01
7.413136057601308337e-01 2.586863942398691663e-01
8.002368508658056490e-01 1.997631435462589033e-01
6.812734183176202274e-01 3.187265816823796061e-01
2.618054369700246187e-01 7.381945630299754368e-01
7.845290101496932289e-01 2.154709973008872570e-01
3.249575838138608064e-01 6.750424161861392491e-01
3.097142961184609633e-01 6.902857038815389812e-01
6.221564594880927279e-01 3.778435504460146421e-01
4.237165077641969479e-01 5.762834922358029965e-01
7.866477561780200745e-01 2.133522456846250748e-01
4.779448161537498407e-01 5.220551739121427337e-01
8.612286808099073321e-01 1.387713216736194410e-01
3.586520494081171240e-01 6.413479505918828760e-01
6.196570489756982880e-01 3.803429485407748278e-01
7.586176011706972089e-01 2.413824013128296475e-01
1.935759626282708146e-01 8.064240373717291854e-01
7.282108007007987993e-01 2.717891943321475434e-01
7.312046052209623115e-01 2.687953985043279315e-01
6.923320043621892239e-01 3.076679981213377157e-01
1.977095136620963256e-01 8.022904863379037854e-01
4.916760143576348052e-01 5.083239856423652503e-01
2.310957011457309973e-01 7.689042988542690304e-01
3.615434363886909641e-01 6.384565636113089804e-01
8.646887153838416218e-01 1.353112846161584060e-01
1.680619973698242731e-01 8.319380026301756992e-01
6.922881475534626849e-01 3.077118574135910833e-01
3.645792727549295731e-01 6.354207272450703714e-01
5.403780564072774295e-01 4.596219435927226260e-01
1.758778322364655811e-01 8.241221677635343079e-01
3.133235719916001583e-01 6.866764280083996752e-01
4.176968852934532239e-01 5.823031147065468316e-01
6.430499613157167893e-01 3.569500287501757296e-01
3.905722512610836916e-01 6.094277487389162529e-01
8.198154049838805024e-01 1.801845956370012602e-01
6.421989906573255524e-01 3.578010093426743921e-01
3.537921442667079641e-01 6.462078557332920914e-01
5.303209189877832186e-01 4.696790810122168369e-01
6.721523405928583328e-01 3.278476618906685514e-01
7.267869155032474771e-01 2.732130795296988102e-01
3.436483934864069667e-01 6.563516065135930333e-01
1.463153343408509777e-01 8.536846656591490223e-01
2.767167589006208073e-01 7.232832410993791372e-01
6.418700321204039438e-01 3.581299629125422879e-01
7.828379531514101375e-01 2.171620493321166911e-01
1.797501310194721535e-01 8.202498689805278742e-01
5.818369084680709014e-01 4.181630815978216176e-01
3.655514279823306456e-01 6.344485720176692434e-01
2.230860319232032263e-01 7.769139680767968015e-01
7.816079105745771249e-01 2.183920881836594885e-01
1.380264179594561658e-01 8.619735820405437510e-01
9.079439462403192662e-01 9.205605011200070076e-02
3.879727526108444624e-01 6.120272473891555931e-01
8.607389977415880189e-01 1.392610022584119533e-01
4.343014192073788582e-01 5.656985807926211418e-01
6.455749927956548895e-01 3.544250072043450550e-01
4.697123372069161307e-01 5.302876627930838138e-01
3.818527267443744821e-01 6.181472732556255734e-01
8.527843784400875871e-01 1.472156265269660980e-01
1.923173449611484676e-01 8.076826550388515047e-01
2.727219487342613657e-01 7.272780512657387453e-01
3.789772505323380503e-01 6.210227494676620053e-01
4.210332302551827444e-01 5.789667697448172001e-01
7.030065083066278087e-01 2.969934867263183675e-01
9.420429961290106846e-02 9.057957003870988899e-01
9.956791680252495835e-01 4.320841811845173297e-03
4.076579588946682153e-01 5.923420411053318402e-01
5.740522858237017134e-01 4.259477141762982311e-01
9.057891398280143447e-01 9.421085916305288466e-02
3.701696327640589534e-01 6.298303672359409910e-01
1.068333296895077195e-01 8.931666703104923499e-01
4.899197922018565521e-01 5.100802177322508735e-01
6.508961810790828695e-01 3.491038189209170750e-01
8.267432075395332314e-01 1.732567986692839235e-01
8.349283673402260186e-01 1.650716383253195418e-01
9.102059878189424635e-01 8.979401419892307779e-02
3.786864459924806359e-01 6.213135540075193086e-01
8.783653879785929819e-01 1.216346023977403906e-01
8.761551741539753690e-01 1.238448308130783854e-01
3.451266044922636778e-01 6.548733955077362667e-01
9.024840049525342245e-01 9.751598969236104086e-02
7.566608843277894403e-01 2.433391057381030509e-01
7.878497863931004375e-01 2.121502210574802427e-01
3.195886941148380345e-01 6.804113058851619655e-01
2.861630153503251783e-01 7.138369846496748217e-01
7.878105114080605764e-01 2.121894836248857663e-01
1.397373054089656452e-01 8.602626945910344380e-01
6.548719102535489611e-01 3.451280822958704420e-01
5.035713464368000158e-01 4.964286535631999286e-01
3.088560444162722907e-01 6.911439555837276538e-01
8.031257334446229024e-01 1.968742715224309769e-01
4.025292098067168034e-01 5.974707901932831966e-01
3.280013312101420775e-01 6.719986687898579225e-01
8.685594690584895750e-01 1.314405265953383639e-01
6.470123769357397636e-01 3.529876280313138381e-01
1.433891780061343768e-01 8.566108219938656232e-01
5.781499219778173382e-01 4.218500780221827173e-01
2.643047017055989989e-01 7.356952982944009456e-01
4.444948840372659471e-01 5.555051159627341084e-01
7.671991004438356576e-01 2.328009094902717679e-01
9.831629577093506933e-01 1.683704326077696198e-02
2.912605139435961998e-01 7.087394860564036891e-01
1.371180675961110318e-01 8.628819324038889960e-01
6.691223280559842612e-01 3.308776719440157943e-01
2.957674875988332563e-01 7.042325124011666881e-01
8.535276750163167669e-01 1.464723234314789790e-01
5.642425373633253027e-01 4.357574725707821783e-01
8.849199604524874418e-01 1.150800336491361459e-01
2.468803735658693099e-01 7.531196264341306623e-01
6.860477477472582963e-01 3.139522522527415926e-01
5.754903154784221098e-01 4.245096845215778347e-01
8.430678704138405699e-01 1.569321320696862865e-01
2.608914807882527498e-01 7.391085192117472502e-01
7.920716095671940238e-01 2.079283879492792586e-01
4.980883219333031575e-01 5.019116780666968980e-01
8.695256203298508124e-01 1.304743771866223589e-01
1.742590174034747141e-01 8.257409825965252859e-01
8.812482196193657247e-01 1.187517746374783800e-01
6.801192411672190019e-01 3.198807588327809981e-01
8.207101429623389066e-01 1.792898615390534911e-01
2.653483792860929502e-01 7.346516207139069943e-01
6.564480880170322497e-01 3.435519020488602693e-01
1.521956698038713085e-01 8.478043301961287748e-01
7.616331528726139055e-01 2.383668421603323540e-01
2.422066304316251861e-01 7.577933695683748416e-01
7.217562240642919624e-01 2.782437697268908550e-01
7.770185027984467530e-01 2.229815003059619494e-01
7.518435744712084201e-01 2.481564304958452372e-01
1.569082555255366662e-01 8.430917444744633338e-01
8.707070052579807262e-01 1.292929947420192183e-01
7.680276826042421456e-01 2.319723080825320805e-01
2.480905143120263334e-01 7.519094856879737776e-01
8.611932047154110537e-01 1.388067996307609242e-01
4.526273002218427766e-01 5.473726997781572789e-01
7.187524622081823411e-01 2.812475328247638906e-01
8.330755050711845522e-01 1.669244871677939834e-01
8.315058487072389815e-01 1.684941413586534820e-01
7.355626907779849732e-01 2.644373166725956792e-01
6.987369491772504881e-01 3.012630408886419198e-01
2.471234494063757614e-01 7.528765505936242386e-01
9.058290161864431811e-01 9.417097729429879660e-02
7.975116293496130604e-01 2.024883681668599167e-01
8.117690292984874878e-01 1.882309806356200210e-01
6.437731015406863433e-01 3.562268984593135457e-01
2.977781001001320038e-01 7.022218998998680517e-01
6.761555654226546475e-01 3.238444296102915287e-01
7.834740870003599200e-01 2.165259154831668809e-01
3.451896390046365615e-01 6.548103609953633830e-01
8.553193785356653089e-01 1.446806307775604650e-01
7.942509403093117593e-01 2.057490559653979145e-01
2.999077205737543106e-01 7.000922794262457449e-01
8.526279818128653654e-01 1.473720265690378339e-01
5.418359347633806555e-01 4.581640652366194000e-01
4.496443918466881962e-01 5.503556081533117483e-01
6.901054914752622338e-01 3.098945110082646504e-01
2.286058013619415574e-01 7.713941986380584703e-01
2.635361146112112363e-01 7.364638853887887082e-01
7.467270236469406575e-01 2.532729822514356299e-01
6.762068953645794522e-01 3.237931145695280843e-01
4.188566180502888425e-01 5.811433819497111575e-01
2.841407159206217337e-01 7.158592840793782663e-01
2.894126070118430705e-01 7.105873929881568740e-01
2.670533465526330197e-01 7.329466534473669803e-01
4.822933297465361591e-01 5.177066702534638409e-01
1.814636268921148154e-01 8.185363731078850735e-01
6.484618819763979802e-01 3.515381080894945387e-01
7.284358127375529790e-01 2.715641835371566670e-01
4.040115378936737223e-01 5.959884621063262777e-01
6.202081102090423181e-01 3.797918897909576263e-01
7.440247893727539585e-01 2.559752180778266939e-01
4.181585515530235608e-01 5.818414484469763837e-01
8.496524993473572041e-01 1.503474994108793539e-01
3.861360579352812183e-01 6.138639420647188372e-01
2.554476718480712116e-01 7.445523281519287329e-01
5.200207338421553027e-01 4.799792661578446418e-01
8.146111074798222385e-01 1.853888925201776505e-01
3.449149720817821785e-01 6.550850279182177660e-01
8.656151674021824727e-01 1.343848400483980132e-01
6.082715849069232350e-01 3.917284101260228302e-01
1.855731917790692798e-01 8.144268082209307202e-01
5.127494702226970125e-01 4.872505297773030430e-01
1.711059890589558263e-01 8.288940109410442014e-01
3.370073191471039675e-01 6.629926808528959770e-01
3.566958962155175605e-01 6.433041037844824395e-01
3.087073740592871651e-01 6.912926259407128349e-01
8.581604188621035911e-01 1.418395901406811765e-01
4.310988733255202709e-01 5.689011266744796735e-01
2.597411679716679633e-01 7.402588320283319812e-01
5.493473147340828255e-01 4.506526852659171190e-01
5.629510294384235669e-01 4.370489606274690075e-01
8.236594373370157429e-01 1.763405663882745278e-01
3.847457944568965504e-01 6.152542055431035051e-01
8.373188223437213473e-01 1.626811813815689234e-01
5.232288555428118437e-01 4.767711444571881008e-01
2.957081369973493801e-01 7.042918630026506754e-01
9.268573172452579945e-01 7.314267918467205754e-02
5.688392416002491236e-01 4.311607683338583019e-01
7.070909917527877786e-01 2.929090032801585086e-01
7.222649663963779387e-01 2.777350304992134422e-01
2.280282943425987752e-01 7.719717056574011416e-01
8.398582939924171820e-01 1.601417159416902714e-01
5.249364024769331838e-01 4.750635975230668162e-01
3.585308987734574515e-01 6.414691012265425485e-01
7.173196494756731711e-01 2.826803505243267733e-01
2.838447018250693787e-01 7.161552981749306213e-01
7.960071351147282037e-01 2.039928636435083265e-01
7.345048823199510357e-01 2.654951139547587768e-01
3.140401480443695825e-01 6.859598519556304730e-01
2.086970753636764597e-01 7.913029246363235680e-01
4.732069816487228242e-01 5.267930183512771203e-01
3.830345149354430490e-01 6.169654850645569510e-01
7.056819868163254350e-01 2.943180131836746205e-01
2.701718757491177181e-01 7.298281242508822819e-01
8.223565325866969422e-01 1.776434674133030855e-01
4.609921819675329435e-01 5.390078180324670010e-01
6.222125473268910190e-01 3.777874526731089255e-01
5.113162817244232272e-01 4.886837182755767173e-01
5.545559832706153935e-01 4.454440167293845509e-01
5.725647172768391080e-01 4.274352926572683731e-01
7.217917284088057883e-01 2.782082691076674386e-01
2.743146991746203689e-01 7.256853008253796311e-01
